-11.758004 1.131538 1.755605 1.458650 1.532767 1.218959 1.047045  
0.748559 1.679296 1.934693 1.383502 1.519416 1.830965 1.034572  
-2.873847 1.529700 1.671149 1.007698 1.383416 1.066842 1.417486  
0.785074 1.588977 1.930436 1.846167 1.526929 1.091965 1.653919  
-0.339218 1.701191 1.910321 1.762198 1.262453 1.047464 1.736082  
-0.716182 1.632639 1.756410 1.991037 1.365339 1.247039 1.982550  
0.957697 1.753356 1.651519 1.072686 1.631635 1.884707 1.272710  
-0.255739 1.766495 1.477732 1.237774 1.274907 1.359265 1.166507  
-0.053944 1.897656 1.909208 1.060564 1.904653 1.504523 1.516292  
-0.758220 1.986642 1.493977 1.266145 1.090733 1.947764 1.073749  
0.002828 1.384142 1.277082 1.913817 1.529747 1.464446 1.940980  
-2.942672 1.761514 1.770205 1.827817 1.125365 1.015868 1.688455  
1.885549 1.629543 1.736225 1.725412 1.999458 1.888572 1.233195  
-0.817372 1.351015 1.513274 1.591114 1.845982 1.412081 1.841511  
-0.998089 1.415395 1.537304 1.467917 1.287212 1.178328 1.153720  
0.288606 1.802406 1.033054 1.534450 1.498480 1.955361 1.748293  
0.219209 1.890738 1.624849 1.842040 1.159768 1.212752 1.714710  
-1.897186 1.090990 1.274588 1.003000 1.414293 1.026876 1.709820  
2.714851 1.239911 1.180896 1.317540 1.886991 1.652059 1.150335  
0.759965 1.385815 1.387725 1.499741 1.147533 1.587187 1.845576  
0.364414 1.955409 1.556146 1.148152 1.983305 1.408767 1.141820  
0.261067 1.252126 1.488515 1.464031 1.961095 1.126031 1.199757  
-0.757222 1.629269 1.126712 1.651254 1.621634 1.803073 1.247842  
-0.094343 1.389314 1.203250 1.028375 1.901674 1.426497 1.142021  
2.892748 1.410313 1.131189 1.885648 1.092174 1.162199 1.071064  
-0.552265 1.253057 1.135109 1.783153 1.455307 1.349524 1.452300  
1.443167 1.931674 1.651646 1.215248 1.679592 1.908922 1.250126  
1.822450 1.471262 1.505956 1.600394 1.817562 1.755844 1.462245  
2.973607 1.632739 1.439330 1.824697 1.688981 1.702207 1.987145  
3.041518 1.851270 1.289316 1.537426 1.514435 1.103434 1.414029  
0.309309 1.876566 1.440039 1.729748 1.869264 1.715642 1.800720  
0.878617 1.741716 1.019092 1.886031 1.524987 1.463323 1.065194  
0.912064 1.488943 1.667679 1.682049 1.199555 1.916634 1.865883  
2.090932 1.543948 1.139195 1.450347 1.989362 1.215532 1.446023  
-0.773454 1.514659 1.881504 1.439726 1.467532 1.806650 1.365158  
-1.315794 1.999117 1.153605 1.630488 1.616350 1.000595 1.000879  
1.227336 1.727335 1.319178 1.417724 1.682494 1.680562 1.205262  
1.631828 1.708921 1.828708 1.094549 1.081738 1.764005 1.629572  
-1.301860 1.213547 1.081061 1.388823 1.952160 1.947545 1.389854  
-0.998610 1.692169 1.284035 1.776866 1.783865 1.422460 1.282156  
-1.424434 1.011316 1.191824 1.983236 1.244054 1.819726 1.136455  
-0.413206 1.601010 1.176880 1.828355 1.157731 1.987937 1.257169  
-1.188099 1.101637 1.219411 1.634717 1.696007 1.794770 1.696243  
1.114357 1.669521 1.633430 1.056441 1.598217 1.227008 1.318778  
0.846510 1.117437 1.762571 1.526123 1.553911 1.587989 1.329666  
0.861574 1.143045 1.161688 1.485325 1.860226 1.813266 1.556836  
1.040760 1.316007 1.135332 1.528548 1.310739 1.588119 1.518084  
-0.278393 1.258843 1.370226 1.393018 1.446866 1.475896 1.387831  
-0.947971 1.078263 1.369742 1.253922 1.671784 1.676237 1.513936  
0.987573 1.720768 1.944753 1.460697 1.940163 1.321560 1.460434  
0.068608 1.661355 1.401833 1.605640 1.986503 1.150394 1.670098  
-0.646328 1.541710 1.522808 1.829239 1.014951 1.274210 1.642979  
0.185073 1.917848 1.266613 1.970087 1.246733 1.843975 1.694024  
-0.177458 1.817101 1.022084 1.160749 1.706950 1.707826 1.436638  
0.332720 1.751710 1.991533 1.695679 1.279512 1.753863 1.171179  
-5.455650 1.495691 1.079917 1.163081 1.903301 1.782992 1.746679  
-0.255681 1.006342 1.584787 1.518478 1.066850 1.544023 1.389731  
-1.290159 1.385769 1.626861 1.659053 1.709320 1.538661 1.280289  
1.489027 1.371910 1.686102 1.310169 1.009348 1.103797 1.520960  
1.241818 1.220685 1.055279 1.070635 1.160274 1.723764 1.297022  
-2.931825 1.477804 1.457162 1.519989 1.446490 1.150311 1.285942  
1.611951 1.695637 1.577776 1.681165 1.331175 1.057475 1.986883  
0.169981 1.001657 1.856193 1.029356 1.377550 1.489652 1.576173  
1.040563 1.679332 1.536267 1.035588 1.122507 1.973356 1.188276  
-0.613248 1.614125 1.607611 1.125933 1.552862 1.954028 1.356925  
1.644171 1.974252 1.259014 1.251528 1.424336 1.813048 1.897914  
-1.127698 1.760617 1.694856 1.451851 1.263620 1.665504 1.116571  
-1.327566 1.113676 1.546975 1.006079 1.175974 1.599359 1.431908  
-2.408768 1.687414 1.375310 1.836207 1.123637 1.973346 1.029635  
-2.437559 1.494245 1.769437 1.934031 1.250155 1.359658 1.769114  
-0.000179 1.749252 1.671903 1.681666 1.756770 1.036368 1.230572  
-1.255976 1.562602 1.652622 1.616610 1.371466 1.224801 1.233691  
0.632304 1.165928 1.744104 1.159758 1.047639 1.661994 1.124945  
2.926834 1.484180 1.621046 1.914025 1.017945 1.593546 1.721872  
-0.013672 1.053694 1.441633 1.519175 1.771944 1.065356 1.442790  
3.757042 1.467741 1.329056 1.445930 1.743274 1.205341 1.171379  
-0.521422 1.939725 1.964851 1.254957 1.070335 1.123849 1.526338  
-1.657609 1.517707 1.105185 1.841576 1.368562 1.423890 1.327228  
0.912672 1.576776 1.871884 1.758246 1.836598 1.699791 1.389060  
2.670141 1.605603 1.362084 1.539505 1.455072 1.401692 1.240440  
-2.401141 1.421579 1.472380 1.289766 1.104969 1.216386 1.802019  
0.109867 1.668820 1.863643 1.243750 1.711564 1.263663 1.382822  
-2.428763 1.459763 1.232867 1.795353 1.491343 1.003229 1.266119  
0.684260 1.425191 1.186825 1.963476 1.134039 1.795856 1.946045  
-1.577462 1.606001 1.063804 1.347492 1.292468 1.509658 1.825837  
1.616692 1.726443 1.329434 1.802084 1.631763 1.045341 1.041420  
-1.708833 1.767065 1.061731 1.519303 1.929150 1.220515 1.204563  
-2.325997 1.699691 1.706461 1.494631 1.261779 1.711571 1.378366  
-1.382271 1.232608 1.436096 1.469499 1.861187 1.977238 1.444519  
-3.339427 1.523772 1.031639 1.753174 1.591588 1.822891 1.329579  
-1.196614 1.536528 1.430618 1.403581 1.987325 1.966910 1.850531  
1.879157 1.311605 1.148390 1.997599 1.639523 1.468075 1.931915  
0.803734 1.815407 1.541535 1.572807 1.159216 1.945250 1.821334  
-1.692755 1.041075 1.343613 1.110019 1.096538 1.518773 1.022405  
0.247186 1.856876 1.516908 1.674525 1.737175 1.698460 1.022799  
-1.437171 1.670991 1.345872 1.066290 1.140710 1.921118 1.221656  
-0.489062 1.586016 1.167313 1.026340 1.691126 1.762344 1.713695  
-2.479269 1.589809 1.925503 1.929698 1.430446 1.505970 1.831256  
2.432013 1.601638 1.723836 1.519337 1.490817 1.161419 1.976116  
0.299664 1.273251 1.531427 1.698558 1.667049 1.097432 1.548736 